$SPEC_REM:
MultiSpect
ID:
NAME: c341
DESCR: no comment
D:\Kromek_CZT.spe
$DATE_MEA:
07/30/2024 09:48:30
$MEAS_TIM:
3599.749 3599.911
$DATA:
0 4095
0
0
0
0
0
0
0
0
0
0
0
0
0
0
0
0
0
0
0
0
0
0
0
0
0
0
0
0
0
0
0
0
0
0
0
0
0
0
5
6
8
8
6
11
10
10
9
15
21
18
26
24
20
39
25
23
26
30
35
33
32
33
34
32
36
35
32
36
41
49
30
40
52
36
44
47
51
56
55
48
53
44
55
60
70
50
55
52
78
59
64
75
70
74
70
71
82
70
59
61
62
80
74
73
80
79
76
72
96
73
81
72
74
74
81
81
70
78
86
67
83
74
96
78
94
65
73
72
78
66
82
84
76
80
80
86
83
76
60
85
71
66
71
79
87
81
66
96
87
81
68
76
68
69
65
63
72
77
65
70
68
69
75
70
69
69
74
78
71
67
58
65
60
66
81
60
71
75
51
64
62
60
56
59
63
48
51
45
61
62
54
54
57
63
74
50
45
56
44
57
42
31
48
54
48
60
41
54
47
55
49
39
54
42
37
41
44
46
34
39
45
32
29
40
43
30
28
44
41
25
34
21
49
43
34
35
25
44
38
42
40
39
35
33
34
35
37
26
33
39
41
33
18
29
33
31
36
26
32
40
30
25
20
23
29
23
27
29
25
27
32
21
19
32
17
21
25
23
20
23
21
19
18
22
27
22
13
14
23
21
21
17
23
22
17
19
17
18
17
19
20
21
19
20
20
21
14
20
21
21
20
15
19
27
12
20
24
12
21
26
12
23
21
19
17
19
15
18
13
13
16
14
15
9
19
12
11
13
18
10
10
13
7
16
9
12
15
4
12
15
7
7
8
15
8
13
15
12
10
12
7
12
13
16
9
9
11
11
7
12
10
12
17
7
7
11
13
15
7
8
7
17
8
16
13
10
7
7
12
13
9
7
11
9
10
12
11
7
10
12
7
6
7
12
6
10
8
8
9
8
10
4
6
5
8
9
4
10
8
5
6
7
4
4
5
4
2
6
3
3
5
4
9
4
2
8
8
8
5
4
9
6
6
9
9
6
5
2
8
4
6
9
6
5
9
8
8
3
9
13
9
4
7
3
8
4
6
5
7
3
6
7
8
8
8
6
5
7
2
0
6
6
3
8
3
3
4
2
4
7
6
6
5
2
2
3
4
2
5
4
3
4
5
4
6
2
3
2
4
3
8
5
3
4
4
6
2
3
2
4
8
3
4
3
3
2
4
4
0
6
0
5
2
5
2
2
1
2
4
4
3
1
1
2
0
3
3
3
2
3
6
4
4
4
0
1
4
1
3
3
3
2
2
3
2
4
2
1
3
4
2
1
3
2
1
2
4
3
3
5
0
5
1
4
2
5
1
2
5
2
3
4
1
3
1
5
3
5
4
5
3
1
5
1
6
5
4
3
0
2
4
3
0
3
2
1
4
4
6
2
1
3
4
5
2
1
4
2
3
2
2
2
1
1
0
1
2
5
4
2
2
0
2
3
3
1
2
0
2
3
5
3
2
3
1
2
3
3
0
7
1
2
3
0
1
3
1
2
1
2
0
1
2
3
1
1
1
5
1
5
3
2
0
2
2
5
2
0
1
3
4
1
2
2
3
2
1
2
2
5
2
1
2
2
0
1
1
2
2
1
0
2
1
0
1
2
2
2
4
2
0
3
2
1
1
1
2
3
2
2
4
2
0
1
2
2
2
1
0
1
0
0
0
1
1
0
0
3
0
3
2
2
2
2
6
1
1
1
0
3
0
2
1
0
1
2
0
2
1
2
1
3
1
3
0
0
2
2
2
0
4
1
2
3
4
1
1
1
0
2
1
2
1
0
1
3
0
1
2
1
0
0
5
3
3
4
1
4
1
2
1
3
3
2
4
2
1
2
5
2
4
1
1
0
1
4
2
0
2
0
3
1
5
2
1
2
2
0
2
0
1
1
1
2
1
1
1
1
2
1
2
0
3
2
0
1
3
1
0
0
3
3
0
0
1
2
2
1
1
0
0
1
1
0
0
1
1
2
1
1
0
1
1
1
3
3
0
3
1
1
1
2
0
3
0
0
0
1
3
0
0
1
3
2
3
0
0
1
0
2
0
0
0
0
2
2
2
0
2
0
1
3
2
1
2
2
2
1
1
1
1
1
1
2
0
1
0
2
1
0
0
0
0
4
0
2
2
2
2
0
1
1
0
1
0
1
0
1
0
3
0
1
1
0
2
0
2
0
1
0
0
2
3
0
0
3
2
0
0
2
0
0
0
0
0
1
1
0
2
3
1
1
0
1
2
0
0
0
0
0
2
1
0
0
0
0
0
0
2
0
0
0
1
0
0
0
0
1
0
1
1
0
1
0
1
1
1
0
2
2
0
0
1
1
0
1
1
0
0
0
4
1
3
1
0
2
1
0
1
0
2
0
1
0
0
1
1
0
0
0
1
1
0
1
0
1
0
1
0
0
0
1
1
2
1
0
1
0
0
0
0
2
0
0
0
0
0
0
2
2
1
0
1
0
0
0
1
0
0
1
0
0
1
1
0
2
2
0
2
4
1
0
0
0
2
0
1
1
1
0
0
0
0
3
3
0
1
0
0
3
0
1
0
1
0
2
0
0
0
0
0
2
1
0
1
1
2
0
2
1
0
0
0
1
0
1
0
1
1
0
0
0
1
0
0
0
2
0
0
1
0
0
0
1
0
1
2
0
0
0
0
2
2
0
0
2
0
2
1
1
0
0
4
1
1
1
0
0
0
0
1
0
2
1
1
2
0
0
1
2
0
0
1
1
1
1
0
0
0
0
0
1
1
0
0
0
0
0
0
1
1
0
1
0
0
0
1
0
1
0
0
0
1
0
0
1
0
0
1
1
1
1
1
0
1
1
2
0
0
0
1
0
3
1
0
1
0
1
2
2
0
0
0
1
1
0
0
1
1
0
2
0
0
1
2
1
1
0
2
0
0
3
1
0
1
0
2
2
2
0
0
0
1
0
0
1
0
0
1
0
1
0
2
0
2
0
0
0
1
0
5
0
1
2
1
0
0
1
1
0
0
0
2
0
0
0
0
1
0
0
0
0
2
0
0
3
0
1
0
0
1
0
1
1
0
0
1
1
1
0
0
0
1
1
0
0
1
1
1
0
2
0
0
0
2
1
0
0
1
1
0
1
3
0
0
1
0
0
0
0
1
2
0
0
1
0
1
0
1
0
0
2
0
1
0
0
1
0
1
1
0
0
0
1
0
0
3
1
0
0
0
0
0
0
0
0
0
0
2
1
1
0
0
2
1
2
0
0
0
1
0
2
1
0
2
1
1
0
0
1
0
0
1
0
0
0
0
1
0
2
0
0
0
0
0
0
0
0
1
0
0
0
2
0
0
0
0
0
0
1
0
0
0
0
0
1
2
2
1
1
1
0
0
0
1
0
0
1
1
0
0
1
0
0
0
0
1
0
2
1
3
1
0
0
1
1
0
0
0
0
1
1
2
0
1
0
0
0
1
0
1
0
0
0
2
0
0
1
0
0
0
0
0
0
1
0
0
0
3
0
0
0
0
0
0
0
0
0
1
1
0
2
0
0
0
2
1
0
2
0
0
2
1
0
1
0
0
0
0
0
0
2
1
0
0
0
1
1
2
0
0
2
0
0
0
0
0
0
0
2
0
1
0
1
2
0
0
1
0
0
1
1
1
0
0
0
1
1
0
2
0
0
0
1
0
1
1
1
1
0
0
1
2
0
1
0
1
1
0
0
0
0
0
0
0
1
0
2
0
0
0
0
1
0
0
0
0
0
1
1
3
0
0
0
1
1
0
0
0
0
0
0
0
0
1
0
2
0
0
0
0
1
0
0
0
1
0
0
0
0
0
0
0
0
0
2
0
2
0
0
0
1
0
0
0
0
0
0
0
0
0
0
0
2
0
0
0
0
0
0
0
1
0
1
0
0
2
0
1
0
0
0
0
0
0
0
0
0
0
0
1
0
0
0
0
0
0
1
0
0
0
1
2
0
0
0
0
0
0
0
1
0
1
1
0
1
2
1
0
0
0
0
1
0
0
0
0
0
0
0
0
0
0
0
0
0
1
1
0
0
0
0
0
0
0
0
0
1
1
0
0
0
1
0
0
0
0
0
1
0
0
0
0
0
0
2
0
0
0
0
1
0
0
0
0
0
1
0
0
0
0
0
0
0
0
0
0
0
0
0
0
0
0
0
0
0
0
1
1
0
1
0
0
0
1
0
0
0
0
1
1
1
0
0
0
2
0
0
0
0
0
0
0
0
0
0
1
1
0
0
1
0
0
0
0
0
0
0
0
0
1
1
0
0
0
0
0
0
1
2
0
0
0
0
0
1
0
0
0
0
0
1
0
1
0
1
2
1
0
1
0
0
1
0
1
0
1
3
3
0
1
0
1
0
1
2
1
1
0
0
0
1
0
0
0
1
1
1
1
0
1
0
0
0
0
0
0
2
1
0
0
0
2
1
1
0
0
0
0
0
0
0
0
0
0
0
0
1
0
0
0
0
0
0
0
0
0
0
0
0
0
0
0
0
0
0
0
0
0
0
0
0
0
0
0
1
0
0
0
1
0
0
0
0
0
1
0
0
0
0
0
0
0
0
0
0
0
0
0
0
0
0
0
0
0
0
0
0
0
0
0
0
0
0
0
0
0
0
0
0
0
0
0
0
0
0
1
0
0
0
0
0
0
0
1
0
0
0
0
0
0
0
0
0
0
0
0
0
0
1
0
0
1
1
0
0
0
1
0
0
0
0
0
2
0
0
0
0
0
0
1
1
0
1
0
0
0
0
0
0
0
0
0
0
0
0
0
0
0
0
0
0
0
1
1
0
0
0
0
0
1
0
0
0
0
0
0
0
0
0
0
0
0
0
0
0
0
0
0
0
0
1
0
0
0
0
1
0
0
0
0
1
0
0
0
0
1
0
0
0
0
0
0
0
0
0
0
0
0
0
0
0
0
0
0
0
1
0
0
0
0
0
0
0
0
1
0
0
1
0
0
0
0
0
0
0
0
0
0
0
0
0
0
0
0
0
0
0
0
0
0
0
0
0
0
0
1
1
0
0
0
0
1
0
0
0
0
0
0
0
0
0
0
0
0
0
0
1
0
0
0
0
0
0
0
0
0
0
0
0
1
0
0
0
0
0
0
0
0
0
0
0
0
0
1
0
0
0
1
0
0
0
0
0
0
0
0
0
0
0
1
0
0
0
0
0
0
0
0
0
0
0
0
0
0
0
0
0
0
0
0
0
0
0
0
0
0
0
0
0
0
0
0
0
0
0
0
0
0
0
0
0
0
0
0
0
0
0
0
0
0
0
0
0
0
0
0
0
0
0
0
0
0
0
0
0
0
0
0
0
0
1
0
0
0
0
1
0
0
0
0
0
1
0
0
1
0
0
0
1
0
0
0
0
0
0
0
0
0
0
0
0
0
0
0
0
0
0
0
0
0
0
0
0
0
0
0
0
0
0
0
0
0
0
0
0
0
0
0
0
0
0
0
0
0
0
0
1
0
1
0
0
0
0
0
0
0
0
0
0
0
0
0
0
0
0
0
0
0
0
0
0
0
0
0
0
0
0
0
0
0
0
0
0
0
0
0
0
0
0
0
0
0
0
0
0
0
1
0
1
0
0
0
1
0
0
0
0
0
0
0
0
1
0
0
0
0
0
1
0
0
0
0
0
1
0
0
1
0
0
0
0
0
0
0
0
0
0
0
0
0
0
0
0
0
0
0
0
0
0
0
0
0
0
0
0
0
0
0
0
0
0
0
0
0
0
0
0
1
0
0
0
0
0
0
0
0
0
0
0
0
0
0
0
0
0
0
0
0
0
0
0
0
0
0
0
0
0
0
0
0
0
0
0
0
0
0
0
0
0
0
0
0
0
0
0
0
0
0
0
0
0
0
0
0
0
0
0
0
0
0
0
0
0
0
0
0
0
0
0
0
0
1
0
0
0
0
0
0
0
0
0
0
0
0
1
0
0
1
0
0
0
0
0
0
0
0
0
0
0
0
0
0
0
0
1
0
0
0
0
0
0
0
0
0
0
0
0
0
0
0
0
0
0
0
0
0
0
0
0
0
0
0
0
0
0
0
0
0
0
0
0
0
0
0
0
0
0
0
0
0
0
0
0
0
0
0
0
0
0
0
2
0
0
0
0
0
0
0
0
0
0
0
0
0
0
0
0
0
0
0
0
0
0
1
1
0
0
0
0
0
1
0
0
0
0
0
0
0
0
0
0
0
0
0
1
1
0
0
0
0
0
0
0
0
0
1
1
1
0
0
0
0
0
0
1
0
0
0
0
0
0
0
0
0
0
0
0
0
0
0
0
0
0
0
0
0
1
0
0
0
0
0
0
0
0
1
0
0
0
0
0
0
0
0
0
0
0
0
0
1
0
0
0
0
0
0
0
0
0
0
0
0
0
0
0
0
0
0
0
0
0
0
0
0
0
0
0
0
0
0
1
0
0
0
0
0
0
0
0
0
0
0
0
0
0
0
0
0
0
0
0
0
0
0
0
0
0
0
0
0
0
0
0
0
0
0
0
0
0
0
0
0
0
0
0
0
0
0
0
0
0
0
0
0
0
0
0
0
0
0
0
0
0
0
0
0
0
0
0
0
0
0
0
0
0
0
0
0
0
0
0
1
0
0
0
0
0
0
0
0
0
0
0
0
1
0
0
0
0
0
0
1
0
0
0
0
0
0
0
0
0
0
0
0
0
0
0
0
0
0
0
0
0
0
0
0
0
0
0
1
0
0
0
0
0
0
0
0
0
0
0
1
0
0
0
0
0
0
0
0
1
0
0
0
0
0
0
0
0
0
0
0
0
0
0
0
0
0
0
0
0
0
0
0
0
0
0
0
1
0
0
0
0
0
0
0
0
0
0
0
0
0
0
0
0
0
2
0
0
0
0
0
0
0
0
0
0
0
0
0
0
0
0
0
0
0
0
0
0
0
0
0
1
0
0
0
0
1
0
0
1
0
1
0
0
0
0
0
0
0
0
1
0
0
1
1
0
0
0
0
0
0
0
0
0
0
0
0
0
0
1
0
0
0
0
0
0
0
0
0
0
0
0
0
0
0
0
0
0
0
0
0
0
0
0
0
0
0
0
0
0
0
1
0
0
0
0
0
0
0
0
0
0
0
0
0
0
0
0
0
0
0
0
0
0
0
0
0
0
0
0
0
0
0
0
0
0
0
0
0
0
0
0
0
0
0
0
0
0
0
0
0
0
0
0
0
0
0
0
0
0
0
0
0
0
0
0
0
0
0
0
0
0
0
0
0
0
0
0
0
0
0
0
0
0
0
0
0
0
0
0
0
0
0
0
0
0
0
0
0
0
0
0
0
0
0
0
0
0
0
0
0
0
0
0
0
0
0
0
0
0
0
0
0
0
0
0
0
0
0
0
0
0
0
0
0
0
0
0
0
0
0
0
0
0
0
0
0
0
0
0
0
0
0
0
0
0
0
0
0
0
0
0
0
0
0
0
0
0
0
1
0
0
0
0
0
0
0
0
0
0
0
0
0
0
0
0
0
0
0
0
0
1
0
0
0
0
0
0
0
0
0
0
0
0
1
0
0
0
0
0
0
0
0
0
0
0
0
0
1
0
0
0
0
0
0
0
0
0
0
0
0
0
0
0
0
0
0
0
0
0
0
0
0
0
0
0
0
0
0
0
0
0
0
0
0
0
0
0
0
0
0
0
0
0
0
0
0
0
1
0
0
0
0
0
0
0
0
0
0
0
0
0
0
0
0
0
0
0
0
0
0
0
0
0
0
0
0
0
0
0
0
0
2
0
0
0
0
0
0
0
0
0
0
1
0
0
0
0
0
0
0
0
0
0
0
0
0
0
0
0
0
0
0
0
0
0
0
0
0
0
0
0
0
0
0
0
0
0
0
0
0
0
0
0
0
0
0
0
0
0
0
0
0
0
0
0
0
0
0
0
0
0
0
0
0
0
0
0
0
0
0
0
0
0
0
0
0
0
0
0
0
1
0
0
0
0
0
0
0
0
0
0
0
0
0
0
0
0
0
0
0
0
0
0
0
0
0
0
0
0
0
0
0
0
0
0
0
0
0
0
0
0
0
0
0
0
0
0
0
0
0
0
0
0
0
0
0
0
0
0
0
0
0
0
0
0
0
0
0
0
0
0
0
0
0
0
0
0
0
0
0
0
0
0
0
0
0
0
0
0
0
0
0
0
0
0
0
0
0
0
0
0
0
0
0
0
0
0
0
0
0
0
0
0
0
0
0
0
0
0
0
0
0
0
0
0
0
0
0
0
0
0
0
0
0
0
0
0
0
0
0
0
0
0
0
0
0
0
0
0
0
0
0
0
0
0
0
0
0
0
0
0
0
0
0
0
0
0
0
0
0
0
0
0
0
0
0
0
0
0
0
0
0
0
0
0
0
0
0
0
0
0
0
0
0
0
0
0
0
1
0
0
0
0
0
0
0
0
0
0
0
0
0
0
0
0
0
0
0
0
0
0
0
0
0
0
0
0
0
0
0
0
0
0
0
0
0
0
1
0
0
0
0
0
0
0
0
0
0
0
0
0
0
0
0
0
0
0
0
0
0
0
0
0
0
0
0
0
0
0
0
0
0
0
0
0
0
0
0
0
0
0
0
0
0
0
0
0
0
0
0
0
0
0
0
0
0
0
0
0
0
0
0
0
0
0
0
0
0
0
0
0
0
0
0
0
0
0
0
0
0
0
0
0
0
0
0
0
0
0
0
0
0
0
0
1
0
0
0
0
0
0
0
0
0
0
0
0
0
0
0
0
0
0
0
0
0
0
0
0
0
0
0
0
0
0
0
0
0
0
0
0
0
0
0
0
0
0
0
0
0
0
0
0
0
0
0
0
0
0
0
0
0
0
0
0
0
0
0
0
0
0
0
0
0
0
0
0
0
0
0
0
0
0
0
0
0
0
0
0
0
0
0
0
0
0
0
0
0
0
0
0
0
0
0
0
0
0
0
0
0
0
0
0
0
0
0
0
0
0
0
0
0
0
0
0
0
0
0
0
0
0
0
0
0
0
0
0
0
0
0
0
0
0
0
0
0
0
0
0
0
0
0
0
0
0
0
0
0
0
0
0
0
0
0
0
0
0
0
0
0
0
0
0
0
0
0
0
0
0
0
0
0
0
0
1
0
0
0
0
0
0
0
0
0
0
0
0
0
0
0
0
0
0
0
0
0
0
0
0
0
0
0
0
0
0
0
0
0
0
0
0
0
0
0
0
0
0
0
0
0
0
0
0
$ENER_FIT:
0 1
$ENER_DATA:
0
$RES_DATA:
3
59.5409 0.135
122.06065 0.06
661.657 0.025
$TDF:
10000
$KROMEK_INFO:
LLD:
32
SCO:
off
DETECTOR_TYPE:
GR1
DETECTOR_TYPE_ID:
0
DETECTOR_SERIAL_NO:
1625
PRODUCT_FAMILY:
PC
PRODUCT_SERIAL_NO:
LAPTOP-FOD83UVD
DEVICE_SERIAL_NO:
LAPTOP-FOD83UVD
$EFF_CAL:
PEAK_ROI:
0.9545
ORDER_OF_FIT:
3
CURVE_EQ:
Fazekas
DATA:
0
$TEST:
